spawns:
  default:
    world: 997846f5-8fb4-42d8-8c27-b65eac13b1e3
    world-name: world
    x: -75.53623403502004
    y: 75.0
    z: 228.58455700926044
    yaw: -180.11383056640625
    pitch: -0.300008088350296
