lastAccountName: .SrCookie5042
timestamps:
  login: 1720218898771
  logout: 1720219437593
ipAddress: 127.95.244.165
logoutlocation:
  world: world
  x: -0.8560815
  y: 57.0
  z: -15.72369
  yaw: 118.97168
  pitch: 29.677094
lastlocation:
  world: acropolis1v1
  x: -98.30001
  y: 72.0
  z: -77.275
  yaw: 106.41022
  pitch: 1.128128
money: '25080.0'
