lastAccountName: .AlanVi128
timestamps:
  login: 1720024815636
  logout: 1720024829730
ipAddress: 127.68.107.12
logoutlocation:
  world: world
  x: 1.5367283
  y: 60.0
  z: 3.0257769
  yaw: -178.8959
  pitch: 9.818985
