lastAccountName: .Yan00007579
timestamps:
  login: 1703202277529
  logout: 1703202360370
ipAddress: 127.232.135.23
money: '100.0'
lastlocation:
  world: amazon1v1
  x: -32.10196
  y: 66.48479
  z: 84.47228
  yaw: -165.52438
  pitch: -7.4503937
logoutlocation:
  world: world
  x: -30.36664
  y: 61.5
  z: -19.134481
  yaw: 176.46027
  pitch: 14.846054
