lastAccountName: .Golde2007
timestamps:
  login: 1703443775620
  logout: 1703444736901
ipAddress: 127.36.216.7
money: '1810.0'
lastlocation:
  world: airshow1v1
  x: -99.55679
  y: -150.90025
  z: -51.5499
  yaw: 159.54883
  pitch: 89.899994
logoutlocation:
  world: airshow1v1
  x: -99.55679
  y: -163.09837
  z: -51.5499
  yaw: 160.58163
  pitch: 30.0
