lastAccountName: .alanYOOY
timestamps:
  login: 1703635791024
  logout: 1703637308309
ipAddress: 127.88.37.90
money: '5085.0'
lastlocation:
  world: acropolis1v1
  x: -106.91035
  y: 71.63588
  z: -66.080505
  yaw: 27.20398
  pitch: 40.08261
logoutlocation:
  world: world
  x: 8.644329
  y: 57.0
  z: -13.673356
  yaw: -33.57927
  pitch: 4.7989655
