lastAccountName: .Urs4oTheOrso
timestamps:
  login: 1703251031461
  logout: 1703252162950
ipAddress: 127.228.224.25
money: '265.0'
lastlocation:
  world: lighthouse1v1
  x: -16.844894
  y: 66.5
  z: -74.57926
  yaw: 118.779755
  pitch: -3.750229
logoutlocation:
  world: world
  x: -25.824146
  y: 57.0
  z: -15.655914
  yaw: 74.90631
  pitch: 48.46695
