lastAccountName: .JustBruna
timestamps:
  login: 1703722008853
  logout: 1703722303448
ipAddress: 127.156.78.53
money: '35455.0'
lastlocation:
  world: lightstone1v1
  x: 101.43177
  y: 76.0
  z: 40.760128
  yaw: -2.6092682
  pitch: 19.468353
logoutlocation:
  world: world
  x: 0.4385099656777173
  y: 60.0
  z: 0.5457615344662358
  yaw: -180.59995
  pitch: 0.2999949
