lastAccountName: UltraCassio2000
timestamps:
  login: 1719955660278
  logout: 1719955393505
ipAddress: 127.124.240.159
money: '1370.0'
lastlocation:
  world: lighthouse1v1
  x: 5.158606854080898
  y: 68.20000004768372
  z: 34.70308913951232
  yaw: -62.281704
  pitch: 24.022003
logoutlocation:
  world: world
  x: 0.4385099656777173
  y: 60.0
  z: 0.5457615344662358
  yaw: -184.29561
  pitch: 14.583252
