lastAccountName: SrCookieSwitch20
timestamps:
  login: 1723321695766
  logout: 1723322544640
ipAddress: 127.162.190.167
logoutlocation:
  world: world
  x: 2.270382352802738
  y: 60.0
  z: -3.243922296937219
  yaw: -179.77736
  pitch: 10.992335
money: '56726.0'
lastlocation:
  world: tarkhine1v1
  x: -49.28820025896983
  y: 51.5
  z: -50.21453876014638
  yaw: -55.253498
  pitch: 13.611497
