lastAccountName: Golde2007
timestamps:
  login: 1703444773356
  logout: 1703444804512
ipAddress: 127.0.0.1
logoutlocation:
  world: world
  x: -49.94999
  y: 50.0
  z: 24.94999
  yaw: 16.20903
  pitch: 26.974716
