lastAccountName: Yan00007579
timestamps:
  login: 1703294518714
  logout: 1703294523531
ipAddress: 127.0.0.1
logoutlocation:
  world: world
  x: 0.43850997
  y: 60.0
  z: 0.5457615
  yaw: 179.40005
  pitch: 0.2999878
