lastAccountName: Urs4oTheOrso
timestamps:
  login: 1703252908707
  logout: 1703254217382
ipAddress: 127.0.0.1
logoutlocation:
  world: world
  x: 0.43851
  y: 60.0
  z: 0.5457615
  yaw: 178.6355
  pitch: 37.613358
money: '195.0'
lastlocation:
  world: eggrun3v3v3v3
  x: 13.57592
  y: -9.11941
  z: 36.664043
  yaw: -77.95406
  pitch: -78.78684
