lastAccountName: SrCookie5042
timestamps:
  login: 1719949329826
  logout: 1719949645057
ipAddress: 127.0.0.1
lastlocation:
  world: acropolis1v1
  x: -102.647705
  y: 71.0
  z: 66.19075
  yaw: -148.5911
  pitch: 10.365265
money: '75.0'
logoutlocation:
  world: world
  x: 0.4385099656777173
  y: 60.0
  z: 0.5457615344662358
  yaw: -180.59995
  pitch: 0.2999949
