lastAccountName: Myroc
timestamps:
  login: 1703636073091
  logout: 1703637295798
ipAddress: 127.140.154.245
lastlocation:
  world: speedway2v2
  x: 49.721399123444826
  y: -10.390740079260784
  z: -30.0551878480117
  yaw: 79.87476
  pitch: -85.19555
money: '835.0'
logoutlocation:
  world: world
  x: 11.601794320730303
  y: 57.0
  z: -10.100769006946496
  yaw: -238.98517
  pitch: 16.581907
