lastAccountName: rique4747
timestamps:
  login: 1703725324537
  logout: 1703726876460
ipAddress: 127.54.116.15
money: '340.0'
lastlocation:
  world: amazon1v1
  x: -90.30000001192093
  y: -10.377277367278515
  z: -35.69999998807907
  yaw: -88.80011
  pitch: 32.249966
logoutlocation:
  world: world
  x: 0.4385099656777173
  y: 60.0
  z: 0.5457615344662358
  yaw: -180.59995
  pitch: 0.2999949
