spawn:
  World: Kings SMP
  X: 236.08484912507382
  Y: 72.0
  Z: 234.94928833351614
  Yaw: 88.9515380859375
  Pitch: 5.687412738800049
