spawn:
  World: world
  X: 184.6090201060298
  Y: 69.0
  Z: 252.47767945033598
  Yaw: 0.15506358444690704
  Pitch: 3.098116159439087
