spawn:
  World: Kings SMP
  X: 235.04340388092334
  Y: 71.0
  Z: 235.00928536185518
  Yaw: 90.15594482421875
  Pitch: 87.9117660522461
