world: 3ea423e8-312f-422e-b685-b80d7565f7e5
world-name: world
x: 56.18276953291453
y: 152.0
z: 219.11254160817725
yaw: 358.1387939453125
pitch: 1.629968523979187
name: bedrock
lastowner: f35e83d1-572e-3b9e-961c-b9001dae19fc
