world: 3ea423e8-312f-422e-b685-b80d7565f7e5
world-name: world
x: -338.30000001192093
y: 18.0
z: 237.44251922257348
yaw: -197.13775634765625
pitch: 4.341292381286621
name: spawner
lastowner: f35e83d1-572e-3b9e-961c-b9001dae19fc
